1000
43 51 7 72 54 57 9 28 31 36 53
67 50 17 39 82 56 94 61 56 81 57
70 85 39 70 43 93 9 61 23 38 61
34 50 62 72 93 40 66 9 53 12 49
44 86 5 1 37 69 28 38 54 18 29
20 36 95 22 8 73 33 83 8 98 100
49 96 22 64 60 31 22 92 100 78 34
46 88 44 25 93 74 94 26 66 100 34
79 4 1 34 46 7 35 82 7 97 67
4 30 91 86 74 18 99 95 2 64 66
65 42 41 41 51 37 49 14 96 70 5
87 38 23 21 79 31 35 95 27 31 81
88 37 23 14 82 55 4 50 61 72 50
18 31 46 53 83 64 62 7 97 83 30
33 64 75 58 3 31 53 9 76 81 29
78 66 49 30 64 78 98 65 4 76 55
73 93 41 78 54 3 8 30 10 76 24
5 28 6 30 66 58 31 64 44 48 14
57 27 79 70 54 28 13 68 36 64 37
82 36 3 93 10 15 89 50 99 10 84
76 24 100 64 84 26 38 82 33 7 48
27 40 79 54 81 30 66 67 57 87 4
12 60 80 4 61 98 78 22 86 69 23
26 75 82 89 79 53 78 100 67 3 69
40 44 42 5 25 24 58 70 46 75 13
73 23 26 2 13 65 70 7 17 50 46
79 69 33 26 33 17 7 42 73 85 84
100 87 32 69 64 40 72 77 19 93 35
77 42 3 14 96 8 10 23 30 81 39
21 52 24 62 87 48 72 61 42 70 76
41 7 29 55 50 93 9 90 65 59 83
41 96 13 98 14 99 21 39 15 95 32
95 53 33 10 45 18 37 59 50 9 87
25 43 98 54 45 80 71 74 3 4 71
82 37 76 68 56 5 65 99 80 51 4
14 53 43 49 46 13 90 82 64 59 80
11 82 72 98 15 42 21 81 92 46 35
40 35 13 85 70 24 20 96 35 31 88
97 23 65 56 36 9 44 97 58 84 14
70 29 96 44 98 34 12 62 16 43 22
85 94 43 97 88 18 91 25 27 75 78
66 66 82 35 31 28 48 67 69 29 80
92 11 27 19 74 42 30 49 85 83 25
61 40 22 58 11 33 3 37 50 33 30
59 77 34 54 23 86 91 98 13 67 12
37 95 22 92 100 91 91 89 11 5 31
6 3 61 12 42 85 5 12 46 19 59
59 51 30 57 21 31 93 95 22 100 28
96 95 72 94 98 30 26 20 91 18 60
12 84 84 92 54 20 88 61 66 81 51
85 36 75 77 61 66 32 30 71 75 71
15 53 75 5 78 29 3 30 45 44 84
2 49 14 3 12 18 10 15 31 28 64
44 58 35 75 75 18 52 72 86 43 72
96 67 87 92 34 95 20 60 31 72 27
67 72 28 15 4 31 28 16 81 11 72
59 18 57 26 69 27 9 32 54 92 31
15 62 42 12 55 60 21 88 64 97 53
16 4 71 96 33 45 2 24 83 55 74
37 25 12 32 55 70 62 2 93 90 30
44 8 91 98 61 88 39 50 76 52 72
68 76 10 36 8 17 72 69 75 23 49
29 49 17 92 40 7 79 52 86 4 88
84 92 69 23 96 63 87 63 35 72 82
78 86 97 34 50 46 78 12 97 32 27
45 79 12 71 65 52 9 79 64 40 89
76 8 75 61 44 70 52 68 9 12 13
46 24 65 78 48 55 85 14 72 7 13
75 27 45 86 18 67 45 27 76 99 100
56 75 19 77 19 26 96 11 16 58 97
14 4 15 64 90 87 70 47 64 16 70
3 63 82 34 10 10 4 93 35 18 1
68 60 21 17 93 17 6 89 61 60 34
61 14 42 1 90 3 37 90 13 12 21
54 95 87 95 16 31 69 74 37 45 52
99 77 61 92 96 69 90 39 69 49 5
19 53 10 84 38 49 26 40 63 90 17
100 74 67 92 55 57 52 93 56 20 66
52 84 53 64 78 96 6 97 14 58 10
9 89 80 38 71 99 87 37 98 81 41
26 58 27 16 85 27 82 13 51 67 41
25 85 22 49 94 5 86 72 9 1 80
6 60 33 48 89 12 31 84 47 59 69
60 60 97 81 6 42 78 73 53 8 49
28 50 27 62 24 46 14 2 27 91 62
41 70 63 91 77 87 54 95 33 50 98
98 9 60 3 28 5 35 69 62 51 36
2 73 46 46 17 67 42 47 40 32 41
13 66 74 13 98 46 32 95 77 85 20
82 36 17 76 45 97 79 3 17 82 42
94 14 96 61 55 18 30 66 98 28 2
77 98 86 10 41 12 60 90 62 79 11
12 76 52 32 67 43 23 15 8 53 89
51 24 17 69 31 55 16 11 38 93 79
65 33 59 67 98 62 34 86 91 76 15
39 23 56 17 88 1 5 58 65 11 92
77 58 75 40 100 32 48 24 57 11 38
22 100 78 26 64 77 15 96 79 29 31
45 45 6 47 80 62 57 82 76 100 50
62 33 85 77 56 97 74 1 85 6 62
79 73 75 68 82 29 73 90 51 11 7
47 3 60 35 62 69 36 54 58 45 76
66 94 27 56 51 44 55 2 67 87 72
75 41 18 88 100 45 77 33 97 11 14
37 100 54 1 99 39 10 47 12 50 12
85 100 86 3 37 69 83 82 16 84 83
47 65 84 9 90 10 73 13 12 45 75
64 7 25 54 1 89 11 52 47 88 2
20 60 100 10 48 18 50 65 56 82 1
90 48 7 91 68 42 20 24 88 48 8
46 99 8 28 7 85 89 69 51 32 26
70 88 92 9 55 90 75 85 83 96 91
76 11 74 40 16 56 93 47 84 98 22
42 10 58 75 3 62 64 5 19 65 64
90 11 80 11 45 99 19 49 4 88 85
93 27 36 60 8 98 88 28 24 38 19
79 56 59 20 2 24 14 26 49 75 84
25 46 25 85 22 49 45 80 56 48 17
65 78 53 15 32 39 64 46 73 63 56
32 62 34 53 29 66 42 92 78 74 31
95 59 97 11 89 22 78 31 93 35 38
58 2 15 12 25 66 23 60 3 97 2
49 98 73 50 7 51 13 11 5 22 90
23 99 19 32 56 51 11 5 8 93 85
61 72 25 20 5 41 46 42 77 57 20
95 88 43 15 44 2 67 55 44 12 99
97 81 98 47 17 93 59 98 75 52 86
31 68 79 64 15 35 83 77 58 71 20
25 63 40 66 43 60 2 13 90 92 15
30 25 29 32 64 40 78 20 18 13 62
93 2 7 82 88 81 10 44 72 67 38
29 23 42 78 10 50 90 94 43 56 44
87 24 28 54 54 20 56 99 32 76 61
96 86 63 45 77 54 75 13 90 54 71
54 76 15 61 95 12 25 96 23 80 82
52 40 30 15 58 75 71 95 26 36 73
77 71 38 58 17 98 71 69 23 48 33
47 78 68 94 48 27 15 54 96 8 91
68 93 16 16 94 16 40 97 69 19 82
81 12 64 16 3 29 15 98 67 5 36
93 65 60 45 28 65 6 16 18 84 59
14 12 50 89 20 82 52 21 80 51 97
8 29 72 67 82 92 16 74 46 30 79
30 17 12 57 42 30 58 90 15 17 5
21 46 89 38 47 19 40 72 62 83 50
33 53 35 42 79 28 17 20 82 77 77
32 11 59 42 14 72 94 22 97 66 86
91 2 20 21 46 96 7 15 31 84 17
50 21 60 3 35 18 59 10 34 78 30
87 61 69 80 98 76 69 16 72 78 90
31 84 69 50 40 86 92 94 40 76 81
43 57 90 7 84 52 35 56 50 46 66
45 73 99 79 95 66 33 53 77 40 9
14 37 71 3 39 83 52 5 72 84 5
65 71 52 92 42 9 57 91 84 41 99
38 86 63 99 42 37 41 54 52 36 99
41 22 54 8 78 83 96 13 52 65 46
67 59 50 58 16 43 60 77 58 59 39
60 71 80 46 88 100 86 29 87 3 39
30 85 43 75 8 66 73 42 12 81 29
51 68 25 66 19 27 87 22 54 99 37
34 85 7 48 55 14 89 93 87 14 63
72 3 74 92 45 70 40 57 71 37 94
67 9 82 3 92 52 69 96 84 56 75
51 7 89 41 1 44 1 9 9 61 51
2 73 97 25 45 38 13 16 81 47 75
12 11 94 28 80 64 65 64 30 38 72
22 12 68 63 80 66 48 79 47 40 50
20 26 5 74 25 86 84 52 57 21 47
69 100 73 15 77 20 57 25 2 58 85
78 22 82 49 54 3 29 6 21 23 63
95 59 90 35 29 30 73 91 80 80 75
27 1 55 29 63 1 78 27 26 86 68
88 87 4 27 96 51 88 56 89 74 27
32 68 41 86 43 79 67 85 93 14 13
89 86 26 88 100 14 3 9 92 68 13
73 96 15 49 5 63 25 21 72 9 48
23 54 27 52 52 82 53 27 32 97 75
52 84 77 90 84 14 96 22 43 8 8
93 17 3 40 67 25 40 79 43 48 69
39 67 64 31 81 40 86 2 74 86 28
42 100 98 37 42 66 59 21 90 26 95
99 13 84 37 45 91 9 45 65 67 6
14 67 7 88 25 57 100 85 91 48 32
20 31 76 80 38 55 79 17 9 97 18
25 50 91 40 52 86 65 32 61 76 64
39 43 57 74 87 95 3 65 19 55 78
27 47 90 74 58 19 91 29 52 94 48
29 47 23 98 83 47 36 60 100 73 89
78 74 5 49 39 95 40 12 89 68 64
46 13 34 39 89 95 78 37 95 34 68
87 35 55 6 97 96 65 33 65 91 95
68 55 40 74 7 98 39 97 47 91 26
73 35 24 50 1 39 66 57 24 99 91
77 73 22 64 96 72 63 49 77 42 92
29 91 6 90 86 83 39 36 23 85 35
76 45 25 30 29 91 2 92 11 79 81
17 1 87 7 8 62 56 45 1 83 35
86 34 77 50 88 46 28 88 86 13 97
6 63 49 59 13 53 13 6 42 76 6
5 28 65 21 32 86 32 28 7 31 16
20 65 77 41 8 77 23 56 70 6 51
28 62 13 62 34 45 85 28 86 48 84
93 14 3 67 100 21 21 29 80 94 87
68 67 56 45 53 50 46 9 76 59 96
48 91 77 3 38 8 46 77 28 20 47
59 88 23 38 51 18 61 57 33 86 64
77 22 100 52 15 76 91 89 31 51 95
37 78 90 68 35 98 42 22 1 65 42
21 73 12 100 56 20 44 39 94 61 20
60 62 10 36 48 95 29 20 23 56 94
49 71 98 85 27 54 88 23 60 69 57
82 85 27 94 54 68 88 20 57 61 84
26 65 49 35 29 95 62 27 86 17 72
57 45 24 68 77 67 14 61 67 43 24
98 33 4 14 68 18 11 26 45 18 14
71 69 69 62 12 8 29 76 100 99 31
10 100 51 41 35 64 73 28 66 35 74
95 50 42 62 6 36 53 11 24 90 46
28 78 64 50 42 79 50 98 46 8 83
41 33 33 81 81 96 26 21 64 30 23
29 18 28 27 69 69 30 40 73 79 19
67 36 1 35 87 5 75 21 9 30 52
4 56 47 20 70 55 92 49 51 60 42
5 21 46 15 49 41 70 47 97 62 10
70 36 36 29 71 67 7 46 45 18 87
35 35 57 6 3 51 44 51 91 81 5
30 52 4 73 75 36 80 58 15 55 72
73 30 63 56 65 86 28 83 20 72 54
28 73 63 94 14 74 76 53 35 48 56
75 15 76 5 51 5 100 95 51 53 100
68 24 28 92 95 60 59 70 4 71 12
6 80 99 10 98 8 19 44 76 4 52
60 10 24 16 36 58 70 65 84 90 90
95 20 86 20 22 89 78 4 61 88 31
7 62 99 98 45 49 94 15 81 18 57
30 53 26 9 5 3 6 5 83 81 45
9 76 1 76 52 77 82 11 82 76 85
3 32 22 40 9 67 45 62 5 98 98
89 45 91 10 91 15 37 97 79 89 79
37 58 95 31 70 64 52 99 91 27 8
23 17 88 73 59 97 47 10 80 50 4
81 46 70 5 96 42 64 95 97 72 32
53 31 16 60 25 34 90 96 4 82 13
15 21 34 91 28 89 13 72 9 4 89
96 68 49 42 41 96 39 4 40 33 42
84 89 90 28 7 76 30 71 25 53 47
70 86 56 91 81 68 79 80 64 68 63
76 50 32 25 83 57 18 43 82 21 9
17 64 82 53 34 22 76 20 63 99 77
82 42 11 91 43 89 33 8 37 96 8
100 7 93 47 5 53 33 7 79 37 23
38 87 73 41 89 51 3 16 60 89 2
62 6 27 24 97 29 12 55 8 10 12
74 36 10 12 51 95 14 89 32 6 16
90 92 20 23 77 83 90 53 64 39 64
67 60 75 40 15 56 6 3 1 96 63
24 44 16 99 61 37 28 25 80 3 95
98 12 58 9 32 18 83 12 51 70 81
54 54 96 32 97 100 96 66 45 66 12
42 31 34 96 62 85 82 61 7 12 95
41 7 56 37 70 69 28 20 44 59 49
92 45 38 46 16 76 46 61 58 98 49
59 46 25 66 28 31 33 62 4 27 84
15 95 14 9 85 31 26 98 19 23 51
20 8 65 46 65 27 44 58 11 77 25
90 94 28 46 6 55 78 97 88 61 68
4 33 70 38 12 96 44 31 24 81 19
24 39 95 61 86 63 6 93 41 30 79
6 18 21 83 86 97 46 84 18 47 29
37 42 55 29 44 53 60 25 13 79 74
84 5 96 81 12 86 59 87 21 96 50
43 71 74 32 42 14 34 25 93 17 39
58 57 38 5 81 1 54 57 8 46 1
17 29 8 44 50 85 89 75 69 20 39
49 25 6 55 45 91 67 44 67 10 63
17 50 49 93 72 5 41 19 20 11 59
28 85 98 56 95 18 16 6 40 2 45
65 3 81 71 19 35 33 80 13 3 34
95 31 33 1 92 14 11 4 37 4 99
67 11 16 98 47 6 37 71 94 71 47
56 58 32 73 17 77 19 27 63 22 46
26 37 86 46 77 61 25 55 67 41 19
99 30 59 95 49 64 57 87 31 64 25
37 7 68 5 94 77 40 68 55 79 81
8 13 26 69 35 53 30 93 34 46 43
10 31 2 58 51 49 58 69 52 18 19
1 92 14 89 90 21 37 81 29 64 10
83 36 39 48 31 65 61 43 10 70 46
28 98 58 65 46 11 94 3 48 98 99
71 89 73 25 59 31 30 52 2 15 92
58 75 68 15 29 79 100 31 15 34 91
82 78 83 50 100 51 41 2 22 93 27
23 71 58 99 64 94 6 100 19 93 4
90 28 21 30 1 4 39 14 96 72 72
86 83 26 6 68 100 34 10 41 55 49
36 43 33 3 66 87 54 54 99 79 20
51 90 90 94 46 70 44 92 72 81 23
38 89 60 98 1 4 63 11 84 38 42
27 78 33 63 87 13 75 7 59 92 55
13 36 68 41 52 46 50 7 44 82 59
3 33 7 77 99 67 96 1 44 48 23
55 99 8 90 46 42 98 38 94 92 29
4 84 90 42 56 96 50 47 4 66 42
33 28 96 36 70 35 15 26 3 98 63
43 14 50 15 61 64 88 15 72 72 32
47 4 2 23 62 95 61 38 23 52 76
85 36 70 77 68 8 99 55 27 94 61
61 51 80 99 62 79 37 32 58 10 47
57 26 41 12 83 88 50 81 94 60 68
12 13 30 99 93 28 69 47 81 8 68
95 76 21 21 51 11 57 24 20 22 72
45 88 27 31 38 53 62 95 62 16 64
32 36 65 53 96 43 33 6 19 50 85
56 12 57 65 73 2 29 33 84 82 72
40 71 94 19 7 89 84 72 68 88 72
43 8 97 67 1 6 65 20 71 69 22
23 85 87 90 5 66 31 1 36 5 51
42 49 59 34 35 90 40 95 25 11 43
20 52 8 19 79 58 28 55 41 31 62
94 89 7 16 92 19 56 2 42 11 56
22 41 6 75 97 83 71 74 15 5 20
47 91 63 53 10 86 73 75 25 70 9
77 93 46 62 73 8 35 99 100 31 94
93 23 93 71 57 51 68 86 98 2 93
45 43 26 53 13 21 58 85 35 55 100
34 89 18 99 10 78 20 40 61 84 71
14 48 92 49 72 18 74 92 90 73 66
59 43 26 19 24 34 29 16 6 8 7
94 93 95 76 58 44 51 73 44 65 40
69 5 9 15 57 5 77 36 52 69 59
45 49 70 59 85 41 11 4 18 60 1
5 2 48 40 52 13 67 70 18 84 48
27 34 32 85 78 69 67 52 62 6 1
17 27 90 8 89 80 71 63 43 41 22
48 81 73 77 12 87 41 24 10 76 60
39 61 88 94 14 95 19 10 40 2 63
29 67 84 79 22 16 92 5 81 59 39
66 55 22 99 4 68 9 79 96 45 50
12 93 28 26 97 99 84 84 24 30 60
52 63 72 72 25 96 42 71 35 50 32
33 10 57 70 38 39 81 87 56 67 11
77 67 64 65 12 67 23 34 77 57 47
7 9 84 69 42 90 99 88 50 30 99
26 66 27 52 45 51 45 8 10 63 48
48 1 98 79 51 40 17 8 32 77 12
72 89 65 89 24 15 6 41 47 49 88
8 72 7 98 34 1 29 73 55 35 4
57 38 38 88 91 47 1 79 13 60 81
94 33 5 89 34 50 93 91 100 29 76
69 6 13 41 57 48 5 79 76 62 95
26 22 30 61 93 24 83 94 3 49 74
64 80 14 46 69 82 95 26 31 86 50
33 64 86 33 10 32 29 99 41 14 80
85 12 58 37 72 4 24 8 59 84 15
75 66 82 93 89 2 3 50 73 25 54
34 81 97 41 11 81 100 24 12 31 46
56 2 8 20 79 48 80 67 44 75 79
81 49 77 20 100 1 85 2 42 48 100
79 85 38 34 38 20 82 26 66 24 74
60 41 14 63 97 11 40 49 31 34 87
63 55 66 38 32 47 68 29 86 1 88
1 10 23 99 25 94 9 51 14 41 8
96 17 40 93 75 52 34 80 100 93 36
21 25 16 31 69 89 43 76 7 51 60
52 13 82 6 86 11 36 68 45 9 38
19 68 15 60 18 12 77 90 31 67 85
100 32 43 16 81 40 18 56 78 62 30
5 89 42 13 4 46 78 3 34 54 41
77 99 48 69 54 76 3 85 57 19 16
42 24 66 94 15 10 28 17 16 32 22
88 81 85 55 25 80 55 18 66 10 96
21 77 70 9 86 59 42 89 76 91 19
69 21 19 32 96 88 5 28 57 10 11
31 3 80 94 42 7 50 13 88 92 76
12 77 66 39 71 41 37 97 100 2 6
15 16 72 87 3 69 82 75 8 49 7
62 35 18 80 98 58 100 99 35 29 11
26 38 19 98 38 78 9 5 64 40 13
97 67 76 29 50 28 36 24 21 64 19
71 74 14 74 70 47 19 75 54 54 36
97 3 47 26 64 9 23 99 17 13 36
21 12 65 5 73 41 55 32 10 85 32
3 18 61 30 42 94 85 4 1 93 11
73 98 86 96 76 98 71 16 27 64 50
12 100 32 16 45 97 20 40 65 29 37
77 49 1 77 75 27 80 24 88 8 68
13 8 53 83 64 64 75 99 67 46 43
53 87 49 6 47 56 75 50 89 72 72
86 41 84 86 49 96 44 73 46 59 32
14 33 38 51 67 30 89 23 8 58 26
71 14 17 84 69 100 27 82 44 71 84
66 37 91 40 61 48 61 10 21 1 69
24 86 95 95 71 41 93 98 39 34 30
63 99 65 36 81 82 69 55 12 90 77
77 40 93 84 70 90 44 10 15 36 70
38 59 61 93 47 86 47 60 22 84 28
33 84 36 21 54 44 6 35 2 57 90
83 43 62 24 56 84 16 86 22 99 76
32 59 12 55 14 38 60 53 63 53 27
50 98 1 7 56 16 42 36 51 92 50
71 95 8 91 84 67 28 28 40 16 74
35 63 15 59 74 54 78 18 54 3 47
7 25 23 96 36 22 58 23 87 25 80
99 21 5 77 54 65 52 26 61 52 61
17 52 46 96 73 31 38 99 65 2 24
28 63 81 33 12 27 34 87 37 80 6
57 67 20 9 43 30 70 38 74 60 48
22 11 8 4 72 2 57 62 65 36 65
62 48 87 91 79 91 63 68 45 30 72
61 21 7 58 88 44 18 7 47 8 11
65 95 4 76 9 85 53 32 39 70 53
46 65 25 55 41 7 88 82 82 42 77
70 89 5 26 66 53 67 50 40 40 53
77 71 67 62 13 55 86 88 86 4 99
27 58 58 26 80 88 44 38 36 4 70
30 58 9 22 58 62 18 63 33 15 51
45 21 37 49 31 66 1 66 12 44 72
2 15 25 75 81 91 15 57 1 39 66
56 35 5 61 41 56 11 40 5 50 73
70 58 46 19 15 48 75 31 58 83 78
12 22 42 57 24 37 32 71 14 66 37
9 44 98 83 6 38 87 94 60 49 33
15 5 76 48 18 33 76 16 99 2 50
89 32 57 18 15 9 60 15 75 28 62
41 29 15 39 4 41 61 5 21 72 11
91 43 59 20 98 65 45 46 69 41 72
17 94 72 100 86 9 83 10 61 86 99
93 56 39 88 62 50 52 54 42 24 12
12 26 9 48 87 35 70 30 32 46 90
96 39 74 37 61 30 95 17 67 40 92
15 90 41 8 69 47 59 2 27 3 22
92 26 17 88 91 64 16 92 24 2 40
48 50 64 66 32 21 30 61 53 48 57
67 99 15 26 54 24 90 83 59 87 9
92 61 48 1 99 81 27 18 73 98 71
9 13 65 1 9 50 100 57 23 79 15
84 41 9 54 21 75 10 30 36 88 86
36 64 94 33 100 50 53 78 87 73 18
70 43 3 76 61 36 51 89 73 5 78
49 89 53 95 41 86 94 3 62 5 88
62 44 66 28 88 58 60 6 23 93 69
33 12 4 96 25 33 36 73 7 5 11
43 48 6 9 78 16 75 27 34 6 86
69 17 89 29 20 48 50 28 91 22 81
15 91 94 72 89 87 17 70 71 63 62
47 72 98 43 15 8 17 35 22 6 69
26 73 49 47 28 31 92 89 57 7 92
14 56 36 57 35 7 18 71 56 16 41
42 52 64 31 2 4 69 84 84 69 4
98 9 6 44 49 60 38 13 30 100 26
82 60 9 92 94 20 77 17 72 63 74
44 60 18 26 42 43 35 92 13 37 44
98 89 68 3 19 7 76 86 31 69 28
64 49 97 11 8 3 88 93 58 83 7
88 86 97 98 86 3 41 68 21 95 1
87 19 84 3 79 92 30 54 27 96 55
19 99 63 92 91 10 69 73 77 54 83
75 44 56 25 28 99 55 76 10 69 59
77 7 4 43 2 68 35 33 54 90 6
3 26 91 99 7 94 79 54 25 94 56
88 66 6 26 8 86 59 74 4 40 29
8 53 69 27 66 66 20 55 30 52 10
23 70 94 35 95 85 56 74 5 14 58
2 59 54 77 39 34 6 19 47 6 61
26 93 53 51 45 90 5 23 81 11 70
79 45 97 20 64 36 53 32 68 13 97
42 38 93 71 27 29 79 22 91 72 44
20 60 42 13 62 33 55 23 15 92 57
78 21 14 77 24 2 21 49 79 68 26
25 97 58 98 42 75 67 73 50 2 38
51 68 81 62 29 31 60 65 94 44 29
26 15 49 93 88 75 11 51 63 48 29
9 58 79 30 15 15 13 92 57 87 61
33 67 66 92 57 59 39 75 96 68 77
29 51 78 33 27 86 92 56 92 36 10
9 14 59 57 70 59 26 75 52 23 99
33 50 46 19 99 86 2 39 69 99 8
86 19 57 99 1 72 98 23 65 17 23
3 92 20 5 63 4 22 43 81 4 84
66 39 72 19 87 5 55 24 7 42 25
2 82 95 53 71 98 52 5 54 92 67
3 48 46 44 86 6 47 32 14 28 11
69 67 91 72 7 43 86 55 6 68 65
54 67 53 10 92 66 88 39 90 45 45
94 26 32 31 54 6 46 33 37 32 52
94 60 70 80 72 88 45 78 39 59 22
67 7 80 95 10 98 93 32 58 68 64
29 49 51 94 85 68 69 50 34 57 4
70 34 47 90 23 86 75 8 75 5 36
97 94 97 20 51 92 46 48 54 3 34
48 30 31 43 5 82 56 53 47 45 44
4 94 89 12 42 34 64 3 74 42 57
40 40 68 36 71 89 73 25 96 28 25
46 55 77 80 29 78 17 84 45 99 60
90 99 42 56 6 10 27 6 42 67 84
97 18 24 64 65 9 95 41 84 1 70
8 64 25 21 16 64 76 48 38 25 58
46 69 78 33 23 86 53 74 83 44 29
99 63 46 14 78 75 87 60 20 70 12
29 62 37 43 95 98 98 5 20 56 58
9 41 87 97 22 42 53 48 97 29 19
54 37 50 34 56 46 87 33 48 49 28
71 22 41 42 28 60 38 84 64 66 17
7 64 36 33 61 18 82 33 42 68 34
41 82 37 43 100 10 45 12 32 66 20
70 37 13 22 86 80 87 41 37 5 32
59 97 11 11 99 70 84 48 17 21 45
95 5 39 61 81 91 14 13 12 19 80
66 47 57 89 27 53 73 26 2 23 79
95 70 50 18 58 61 40 75 19 20 74
26 86 3 63 71 25 76 97 40 52 37
74 67 11 100 94 57 86 14 93 92 9
11 35 38 79 20 98 82 16 20 5 71
14 3 49 77 55 72 36 28 7 30 92
1 28 41 34 75 74 83 78 80 80 76
61 63 77 23 16 28 67 26 43 14 62
26 71 2 46 62 20 12 45 41 58 4
91 74 60 55 9 18 20 91 1 37 92
86 15 57 11 79 44 34 26 67 72 51
28 19 42 82 48 93 67 21 11 32 71
100 56 12 7 1 76 54 82 43 68 28
51 43 2 36 72 92 20 8 40 15 16
28 59 54 23 15 39 92 15 41 6 93
87 14 76 48 99 87 18 58 82 45 31
67 72 68 94 55 15 4 63 65 99 33
46 38 86 31 7 42 59 20 63 43 89
82 9 56 97 79 12 61 16 59 14 74
83 89 25 84 76 63 74 65 42 77 67
81 89 68 6 94 100 45 87 11 75 99
56 66 70 25 54 78 97 15 74 100 20
94 70 89 52 23 55 31 12 52 63 21
82 72 84 15 48 45 43 29 20 59 95
20 2 86 39 50 19 99 96 74 99 69
54 20 62 13 14 79 19 99 10 92 11
48 13 21 51 85 8 82 43 72 39 98
36 63 11 88 6 88 8 57 33 95 1
37 19 66 6 85 93 93 14 7 46 75
88 50 91 99 52 19 77 6 93 74 70
5 97 55 50 41 7 7 21 82 96 71
72 79 8 92 13 21 38 43 2 98 77
78 13 80 98 84 78 87 88 90 91 2
27 7 51 81 30 16 11 92 11 72 64
64 75 46 87 71 88 93 85 71 21 12
87 85 83 76 98 31 50 72 42 28 14
13 25 60 47 48 58 60 38 17 1 5
60 72 1 29 52 72 47 69 9 70 20
85 71 44 48 72 94 73 98 55 70 51
84 83 12 9 43 81 72 61 94 17 6
44 41 94 78 88 5 38 14 32 45 41
65 15 99 45 70 60 42 60 32 7 77
51 54 72 100 75 10 1 77 86 98 96
84 50 50 21 19 59 13 31 51 32 9
54 65 46 33 8 41 69 76 23 36 1
21 51 29 38 78 43 25 50 27 28 5
51 56 83 4 43 48 68 56 9 89 13
70 69 76 79 68 5 10 91 84 26 37
97 4 83 87 60 92 41 18 24 69 98
34 36 26 32 26 25 31 36 76 23 44
92 12 25 62 89 13 43 18 71 41 85
44 37 39 48 99 87 59 55 83 2 13
88 33 59 37 94 91 33 88 72 27 22
1 21 40 51 62 27 82 62 25 64 4
82 25 44 31 67 3 22 55 59 19 28
40 99 32 17 66 73 47 26 26 34 49
60 24 48 28 90 5 77 65 31 38 21
46 89 4 35 90 81 88 92 59 75 81
52 28 33 32 94 4 38 72 80 19 95
63 15 30 40 23 41 82 50 51 69 62
2 51 6 36 14 6 10 1 62 3 6
29 61 44 51 44 47 15 35 8 40 6
29 92 64 44 65 10 49 90 9 98 86
2 59 43 29 82 64 61 35 39 85 18
80 32 53 36 8 61 72 27 42 25 20
99 63 72 23 23 37 53 80 50 20 9
6 66 1 83 18 79 73 4 26 18 54
80 71 30 93 44 46 87 100 47 3 77
82 42 19 40 60 54 25 44 96 9 71
7 70 90 47 37 57 33 73 97 65 52
82 12 8 26 99 40 44 43 48 34 86
62 95 6 31 57 69 87 4 76 14 76
69 72 20 74 43 65 82 94 97 59 70
44 7 35 64 2 36 39 46 12 46 25
20 88 14 46 94 38 74 64 38 85 52
75 97 86 20 7 11 86 23 90 81 30
33 39 86 34 96 30 87 43 79 1 79
84 66 97 73 66 40 27 57 92 36 39
22 20 36 61 2 73 94 13 45 80 17
47 84 88 13 88 34 43 16 22 97 85
14 94 86 87 37 84 41 15 41 22 14
7 13 87 14 77 78 83 25 33 95 96
83 63 4 22 74 6 46 87 8 15 72
76 29 16 39 82 21 28 16 73 55 79
38 42 40 48 16 79 8 63 86 1 7
4 31 2 62 81 13 82 97 60 25 31
26 93 54 62 8 64 5 33 64 56 9
97 26 69 30 2 96 11 66 48 10 65
59 89 28 26 66 39 98 64 53 73 54
33 30 4 78 85 74 27 40 31 41 6
100 1 93 43 41 47 46 98 34 47 9
10 60 11 86 95 29 73 66 43 22 10
25 43 45 26 92 89 94 89 81 50 72
4 46 61 73 34 54 93 29 4 16 31
30 4 81 11 71 10 27 63 59 62 93
92 56 18 89 29 13 40 64 84 47 89
56 56 92 46 77 99 41 80 24 31 82
64 4 2 46 73 96 50 99 2 1 12
84 57 35 86 31 20 24 7 54 18 28
54 2 58 5 46 99 55 71 35 57 77
96 95 52 61 2 81 84 94 64 9 79
41 43 60 89 98 44 22 42 40 34 31
48 73 44 4 11 16 21 63 39 73 51
30 18 63 70 73 47 42 82 9 97 12
78 93 98 59 27 86 3 18 18 72 63
24 57 46 40 55 85 48 69 40 71 20
10 79 100 10 80 33 37 31 5 18 7
2 72 68 15 74 15 83 92 18 64 16
50 38 9 94 29 38 96 67 14 14 17
31 45 40 12 68 84 17 51 18 44 4
10 24 64 25 3 20 11 70 80 11 29
52 12 84 57 7 19 48 14 82 62 42
13 36 76 22 83 30 99 97 86 61 5
5 14 91 84 58 79 87 60 11 86 93
30 51 5 75 9 77 36 75 83 68 3
97 69 29 33 83 68 26 16 61 20 6
40 11 6 64 96 90 31 2 97 93 23
38 18 85 46 76 26 24 48 56 72 8
42 85 12 94 14 61 33 93 62 56 13
69 48 15 13 10 10 85 44 95 36 59
28 11 84 99 55 66 14 41 60 92 71
15 22 15 68 59 89 50 4 59 67 76
5 27 44 41 66 33 1 5 8 81 28
31 28 47 9 47 1 19 32 44 8 78
23 65 6 91 55 34 22 64 3 37 36
67 28 42 34 68 52 17 66 46 29 39
100 38 77 25 49 5 7 96 61 83 90
25 8 7 68 24 30 81 42 94 44 53
79 64 67 47 45 73 41 60 80 31 27
88 55 25 91 97 27 63 42 34 22 76
60 40 6 9 75 52 92 99 33 5 45
100 75 8 71 3 14 33 37 84 4 78
61 27 1 2 21 97 51 87 15 49 94
13 5 90 85 91 79 81 26 40 61 12
1 75 14 64 49 44 14 8 60 30 89
59 31 26 6 17 75 19 98 100 23 41
100 6 15 50 45 45 96 64 8 51 47
39 44 89 78 100 84 69 92 78 99 64
92 80 58 25 20 12 18 65 69 44 94
84 24 73 75 47 55 73 20 14 60 98
86 55 39 85 16 69 28 48 15 5 47
26 41 61 77 46 98 64 75 70 91 24
71 68 11 55 31 38 70 59 62 37 3
63 97 38 53 2 31 76 90 32 68 3
34 95 21 63 4 78 70 24 84 1 98
3 92 21 73 73 79 27 14 46 87 47
16 26 49 89 83 35 51 95 86 85 34
77 14 61 69 12 18 70 79 11 9 87
46 18 39 27 46 77 48 98 78 51 97
32 56 67 82 78 58 43 80 69 53 65
82 93 83 43 69 63 80 62 45 5 17
37 45 84 5 94 54 42 3 17 38 10
100 39 4 82 77 89 57 41 13 6 55
30 24 29 59 26 13 91 14 100 66 80
49 45 74 47 4 10 47 74 81 11 26
3 88 58 90 61 63 35 88 26 7 38
28 87 84 92 58 54 17 45 20 65 12
52 41 14 76 53 70 5 57 59 68 25
95 98 2 12 67 42 64 36 74 29 13
82 39 74 73 85 36 13 33 2 3 82
29 83 2 36 54 20 92 13 30 74 28
50 99 54 5 74 64 42 93 41 38 90
15 30 75 68 6 63 52 1 72 40 36
70 36 93 32 67 59 69 9 55 82 25
19 100 47 83 70 36 85 20 6 47 3
73 97 55 21 80 14 72 87 38 71 11
30 40 24 95 97 99 3 75 31 55 31
25 71 1 40 100 31 26 75 24 76 6
32 82 28 89 66 48 67 36 58 80 78
67 31 50 1 32 85 74 92 55 15 48
1 60 34 18 4 22 59 11 68 56 77
94 88 54 85 41 86 3 11 39 88 9
39 29 27 19 46 60 42 4 21 100 91
31 53 22 99 26 59 47 79 22 42 30
36 98 44 56 71 15 49 59 33 83 93
43 29 2 37 23 9 92 88 80 9 94
3 12 32 37 10 10 96 95 22 57 26
28 37 39 25 92 32 7 95 26 26 24
11 71 14 68 78 1 99 92 61 49 52
83 35 32 91 63 85 43 56 23 86 41
32 72 67 16 21 61 29 34 15 9 13
39 52 92 13 82 94 84 11 1 77 45
30 84 38 69 82 90 75 27 75 66 2
97 68 4 14 6 57 66 2 27 15 58
10 32 1 58 48 76 90 74 41 51 32
87 8 90 79 56 89 37 51 5 74 11
38 52 94 23 63 6 86 99 81 76 1
15 36 58 32 80 28 97 22 60 97 56
66 14 57 78 87 52 34 8 36 17 65
10 42 46 44 60 7 69 19 79 44 51
16 20 4 100 78 60 98 88 68 93 39
64 2 63 78 25 15 98 86 46 76 87
42 83 72 71 5 23 1 99 57 20 49
76 33 79 59 93 14 47 87 54 65 6
80 41 63 37 29 48 24 76 31 52 37
47 73 1 15 65 20 88 56 64 38 59
78 65 36 16 91 34 27 2 19 24 60
21 67 9 31 72 87 4 77 43 59 22
74 31 34 10 18 17 11 61 16 93 72
66 85 91 40 55 62 79 96 72 43 53
8 10 46 12 85 60 65 60 92 69 50
78 87 49 51 16 13 38 3 47 82 57
16 38 50 38 86 15 39 81 31 33 68
60 67 7 72 63 2 62 75 94 77 34
38 93 94 21 59 6 76 78 19 27 59
78 97 20 9 60 89 47 30 70 45 62
77 11 32 55 33 17 4 42 66 61 16
90 22 49 5 75 88 99 32 26 2 33
76 73 40 68 13 95 88 90 96 45 74
27 51 53 22 34 19 26 16 92 89 61
9 93 94 47 93 63 72 93 63 53 9
4 44 21 57 38 9 90 84 15 48 47
30 99 90 34 92 67 12 66 85 75 88
72 43 13 7 82 98 40 89 30 60 52
93 26 94 5 71 98 18 97 58 41 52
52 74 7 94 27 8 15 7 19 40 32
12 49 24 42 4 47 63 17 47 77 59
53 66 50 37 82 55 83 50 75 52 45
93 73 17 12 42 64 14 42 82 34 9
73 73 56 95 58 44 72 77 99 62 77
56 63 58 2 63 82 5 25 92 75 18
30 1 67 69 22 4 16 90 32 17 54
82 41 91 46 74 28 70 61 29 81 47
24 69 48 46 32 50 13 33 99 68 89
78 81 68 86 49 4 96 65 69 51 20
20 46 29 73 39 11 51 2 27 9 77
72 73 74 1 32 77 75 7 95 26 55
59 45 20 15 10 42 4 34 46 99 51
56 78 33 73 88 98 8 36 83 25 68
32 41 95 32 17 39 79 33 97 43 23
79 23 26 75 63 27 82 55 15 15 35
80 24 85 87 19 40 13 61 49 87 56
71 32 82 92 75 54 73 40 62 37 77
90 66 61 69 25 100 37 11 41 79 96
85 3 84 71 11 69 91 5 9 25 40
18 83 42 93 4 33 64 35 79 98 78
47 70 100 11 76 29 46 7 41 57 74
11 36 28 25 42 94 18 34 41 40 61
97 74 90 90 17 72 64 60 16 27 75
47 47 77 31 38 28 87 79 72 89 69
82 42 86 78 21 4 38 70 85 45 41
68 78 89 91 57 12 52 28 34 89 96
98 35 90 55 45 55 71 42 96 80 20
99 37 34 99 15 54 37 69 15 75 54
99 13 80 92 52 65 65 95 88 25 43
100 36 10 92 97 98 40 94 90 19 67
71 72 10 46 10 32 82 78 9 40 64
42 32 56 85 66 35 75 86 2 42 76
14 4 32 10 20 8 74 3 51 77 77
30 54 18 2 64 61 33 12 95 92 17
33 42 55 17 49 25 73 70 53 80 28
63 72 44 67 35 68 42 61 36 27 96
68 19 47 22 85 65 100 53 32 53 59
91 22 35 71 26 84 9 83 99 10 44
6 85 32 99 67 30 30 86 77 35 66
68 100 64 59 39 57 30 1 12 98 44
80 4 12 36 57 68 84 57 36 40 50
97 61 55 81 25 47 49 84 30 83 64
47 42 24 54 94 77 100 57 94 89 55
30 69 17 84 51 2 98 74 28 74 4
2 2 80 56 4 7 29 20 33 72 23
66 13 74 12 45 36 29 84 62 83 47
46 52 9 53 75 2 4 21 87 7 73
9 52 15 87 91 20 77 20 15 36 82
93 30 46 39 52 41 9 45 43 96 38
86 91 4 22 78 9 48 24 79 14 58
39 49 48 26 92 67 65 96 64 31 17
2 89 47 85 62 2 48 3 1 71 21
71 13 84 79 36 23 36 69 39 29 79
19 47 62 14 61 91 52 30 71 81 34
34 78 5 47 47 89 18 83 22 25 42
46 26 90 55 96 6 13 24 84 39 51
17 62 9 57 68 45 20 38 89 11 30
31 23 36 46 19 73 2 63 79 4 55
14 72 83 31 66 27 85 23 46 19 95
90 49 42 100 70 22 28 58 57 8 30
37 23 81 85 42 14 69 35 8 43 13
25 26 15 9 37 1 79 79 21 39 81
81 61 62 60 40 81 96 65 30 42 88
89 12 66 71 9 43 42 82 73 23 50
52 91 47 47 61 58 73 39 47 99 45
85 6 94 69 63 27 87 1 63 63 31
15 11 19 27 3 13 58 15 28 7 99
79 76 83 82 82 30 88 88 73 91 28
42 60 4 42 52 71 32 28 97 6 45
79 49 65 80 93 43 80 43 39 65 73
93 9 39 59 76 95 94 47 40 51 98
73 39 49 63 22 81 11 22 21 87 36
47 92 77 53 39 95 73 1 92 55 73
34 80 82 2 3 76 50 89 79 47 4
88 94 19 25 24 12 80 51 2 1 44
83 13 13 11 76 2 35 87 40 66 89
69 17 20 84 87 61 17 98 17 41 72
37 15 10 20 27 54 1 1 22 43 48
62 85 84 23 25 23 12 57 62 38 57
73 72 92 85 28 48 57 73 79 8 47
13 25 87 47 17 89 99 38 46 87 86
77 23 8 28 73 90 62 86 43 80 44
27 78 86 47 55 59 22 74 84 29 47
64 75 29 35 34 8 83 56 69 94 78
16 12 2 87 77 47 38 67 40 41 66
47 27 22 35 25 1 75 10 71 93 99
8 52 31 83 23 43 77 24 74 45 59
30 68 83 44 97 35 77 70 27 91 3
92 96 55 39 35 34 1 24 84 73 90
23 63 1 6 34 64 49 64 72 46 79
53 73 31 27 82 76 40 12 22 21 16
85 89 69 83 78 36 88 35 79 22 88
47 94 66 68 85 56 66 13 53 73 82
38 76 76 97 94 91 66 92 33 17 34
64 40 90 57 92 11 95 33 35 39 65
77 27 67 36 45 42 88 69 35 85 69
36 59 35 41 15 11 49 35 1 58 20
62 88 46 62 88 67 29 73 25 11 83
80 29 47 82 71 15 49 58 79 47 51
4 85 13 31 12 4 96 45 42 26 62
86 23 26 100 82 52 96 6 79 93 65
100 42 2 43 76 61 12 3 30 75 54
53 21 71 22 31 17 81 83 90 42 62
6 72 42 93 12 62 79 7 66 10 21
91 41 58 86 79 66 53 74 23 82 37
71 9 78 20 48 20 35 37 73 38 6
31 29 56 12 18 23 28 20 12 50 61
79 13 18 92 47 37 55 58 35 58 89
90 75 4 67 76 79 58 35 37 83 87
95 47 53 80 44 29 23 16 57 25 94
20 35 86 90 51 48 6 3 70 66 88
15 34 53 63 51 35 85 20 79 39 24
43 26 84 11 53 69 56 55 25 19 68
72 77 5 10 80 11 94 19 12 54 85
14 76 81 93 1 4 95 92 11 70 88
69 53 2 28 54 33 37 75 24 32 14
96 38 1 17 27 91 75 40 28 11 13
11 39 6 25 69 60 49 92 22 31 97
24 11 62 22 18 41 29 30 42 12 73
3 68 48 20 45 41 58 21 9 4 93
41 70 99 28 21 61 4 93 80 25 98
20 8 18 60 47 41 76 40 38 50 94
2 56 32 94 73 14 81 92 2 23 58
89 59 86 91 96 53 22 89 3 89 54
2 65 4 39 80 48 98 2 31 85 66
72 92 56 10 30 94 94 43 99 67 25
20 6 77 22 62 16 34 60 20 73 3
28 9 83 77 81 64 84 94 74 91 42
87 21 15 42 1 100 30 52 62 67 22
72 98 72 93 6 81 78 87 47 13 89
5 42 10 1 18 22 18 86 74 79 95
11 58 87 35 72 92 14 79 16 21 64
1 36 92 72 3 61 38 10 64 11 31
91 41 44 31 84 2 78 25 99 33 32
94 92 38 45 18 12 12 27 24 16 33
91 7 72 18 74 97 71 84 50 56 34
25 20 94 82 31 16 24 17 5 57 92
65 82 39 95 65 41 63 8 5 55 72
17 87 57 56 23 86 65 85 24 93 62
6 54 19 7 14 12 47 98 93 63 27
27 94 61 7 29 31 93 50 46 5 39
1 72 25 36 6 6 51 80 66 30 12
64 8 25 45 7 83 99 70 34 32 41
56 87 59 94 57 5 4 15 32 5 37
25 1 14 45 81 99 30 61 81 13 68
90 80 22 79 38 100 90 10 96 11 24
95 89 21 76 82 35 38 95 4 87 100
60 2 95 8 34 85 65 72 90 85 80
10 41 86 44 71 100 10 8 37 56 14
85 26 76 89 20 18 83 71 80 44 35
23 43 66 88 12 24 26 21 43 77 73
62 73 2 40 76 4 63 90 65 47 30
38 55 32 63 46 64 56 75 48 79 15
30 44 86 92 22 84 47 15 12 87 23
41 64 98 7 1 39 43 14 83 64 10
77 58 74 66 2 17 84 44 3 66 32
52 32 18 8 41 19 27 31 90 94 28
27 51 71 66 18 25 3 99 44 4 13
80 55 52 78 35 22 35 36 11 22 70
68 43 13 18 3 7 4 4 19 1 16
39 68 6 23 91 99 33 99 44 73 5
52 57 90 79 96 40 99 3 74 37 60
86 53 10 73 27 81 91 95 17 45 18
9 77 19 40 75 36 98 54 79 60 27
18 57 75 79 22 99 82 95 54 48 26
81 5 43 73 15 49 11 41 19 64 47
27 9 66 80 50 65 53 25 55 18 81
91 36 98 57 2 21 27 82 66 86 10
63 57 14 68 78 89 39 15 25 17 44
33 55 50 41 61 7 18 15 82 57 55
34 58 44 18 54 2 28 42 78 77 18
52 89 36 42 4 100 58 77 28 31 47
38 11 21 95 20 45 29 80 74 85 100
40 49 72 30 53 13 8 50 3 50 20
70 1 17 90 73 100 77 21 31 7 76
50 72 46 36 72 49 31 46 63 41 86
80 45 43 68 2 23 60 91 26 7 11
74 96 1 67 85 56 91 5 13 84 39
68 97 66 12 9 3 51 88 20 40 16
8 80 47 54 64 40 74 42 24 49 30
92 25 40 15 71 61 63 49 27 80 55
90 60 9 68 93 21 67 90 58 58 58
87 96 39 20 30 30 59 38 7 36 90
48 86 60 83 31 24 20 13 20 70 47
27 82 83 77 23 17 31 48 17 65 70
43 56 69 98 90 78 57 79 10 55 21
65 76 75 26 79 32 7 3 11 12 81
9 57 69 17 89 13 53 78 19 12 40
47 16 48 69 91 59 74 52 48 86 79
27 15 11 46 34 32 61 46 84 62 75
71 49 90 3 62 82 16 80 85 92 23
69 39 20 47 18 50 74 50 63 93 80
55 10 18 44 23 38 95 24 7 69 69
63 44 12 39 100 26 21 23 21 68 6
2 96 17 61 91 98 35 69 77 57 7
84 13 8 45 31 70 97 1 3 75 54
99 8 10 34 75 22 19 21 63 27 62
68 82 41 54 29 46 25 99 64 56 90
39 85 69 67 78 25 6 55 71 98 2
29 69 41 48 6 48 97 70 49 54 1
77 3 91 17 41 64 42 83 60 37 3
75 67 60 17 78 57 72 34 49 100 38
61 82 66 2 31 87 87 33 46 91 79
37 17 46 52 69 12 21 27 97 35 10
62 84 39 24 17 34 1 86 80 49 78
11 29 50 87 9 16 76 17 55 90 89
38 87 86 78 47 46 47 11 33 90 25
63 7 22 87 100 58 83 14 63 99 59
79 83 51 43 13 87 11 40 76 37 31
11 79 6 45 48 93 56 77 32 27 41
67 99 50 37 24 84 56 55 5 42 94
46 48 12 83 10 67 98 26 78 47 96
95 73 32 29 19 77 28 65 92 39 80
23 19 49 70 72 16 60 18 87 68 85
55 19 63 24 4 64 46 86 3 14 40
94 30 69 27 80 5 18 12 17 38 63
87 14 66 51 67 44 75 57 34 65 98
70 5 15 48 35 26 93 66 87 57 52
91 32 79 36 80 61 7 26 35 84 42
24 86 5 38 84 33 52 50 81 26 29
75 43 46 63 15 16 55 40 71 20 8
11 53 75 47 89 4 88 43 50 100 99
12 46 75 8 99 57 4 32 30 88 32
55 46 16 75 59 50 79 46 4 80 93
91 12 21 2 66 81 44 74 40 77 90
43 54 34 51 89 43 65 41 59 3 62
69 100 75 98 16 85 45 59 86 6 88
88 24 88 82 93 78 46 24 81 4 2
42 59 54 29 29 13 35 50 4 24 64
100 73 8 43 2 84 63 34 100 68 99
54 33 28 43 45 60 88 15 47 88 52
25 61 6 20 99 28 83 31 83 99 1
85 71 87 80 95 80 85 13 100 40 8
100 35 43 91 61 81 44 79 20 89 59
76 64 95 30 49 35 83 76 42 74 4
52 37 5 18 20 36 93 82 50 53 76
46 73 81 54 4 62 72 10 77 61 42
98 24 93 40 85 44 93 95 22 77 70
36 94 4 46 36 67 12 81 38 77 50
95 69 86 28 11 10 15 22 32 15 94
9 54 47 68 81 83 19 58 32 60 47
97 18 40 97 100 4 39 78 1 99 8
36 67 63 35 7 31 75 31 52 81 10
34 17 35 28 6 5 20 96 72 9 17
17 78 96 25 56 36 38 39 23 91 60
38 24 29 31 41 18 24 31 72 53 61
30 86 49 25 43 58 82 13 2 72 2
43 23 80 93 11 28 24 33 90 97 8
83 84 11 65 81 47 24 71 52 43 54
100 22 53 95 78 13 52 75 26 81 25
68 36 76 89 84 20 3 56 35 2 17
82 16 76 67 59 77 95 56 33 85 52
23 8 39 47 28 30 85 28 32 44 18
46 22 72 81 50 71 26 9 66 35 100
36 70 58 45 38 90 34 56 29 72 59
51 35 22 81 88 78 37 20 52 69 54
59 20 66 11 14 12 74 85 69 36 84
72 93 55 9 25 100 73 53 13 98 29
91 51 78 66 62 7 61 62 88 87 21
85 71 56 35 44 21 61 17 45 94 12
87 59 27 100 7 82 85 28 50 64 1
6 7 10 62 83 23 49 51 42 44 81
1 37 22 54 48 69 67 99 32 29 65
19 80 21 81 10 54 51 39 40 14 67
62 33 81 73 76 4 2 7 95 67 71
66 59 7 49 8 57 84 15 55 69 97
45 83 52 60 66 89 44 17 96 28 96
47 32 4 82 89 90 34 86 56 70 36
95 26 62 90 82 29 35 49 25 10 67
54 18 65 86 78 88 29 29 26 32 4
70 35 31 77 68 4 68 58 60 79 94
36 80 58 28 97 67 24 40 3 37 1
90 58 54 6 21 18 90 81 11 59 53
65 15 90 29 52 47 36 20 90 96 36
10 81 21 91 6 98 79 41 97 14 69